31,2,-1,-125.90532219142796,-18.577400268526645
32,2,-1,-125.88198157516491,-18.83944552288894
33,2,-1,-125.8604681251464,-19.154432384890157
34,2,-1,-125.8412068029899,-19.436438898270595
35,2,-1,-125.80118109344691,-19.645190165340907
36,2,-1,-125.72206266133033,-19.779393815188328
37,2,-1,-125.61840342319803,-19.836695022707673
38,2,-1,-125.51338224944257,-19.81094510680983
39,2,-1,-125.41638866338626,-19.722094718178496
40,2,-1,-125.33099600285651,-19.60276727482936
41,2,-1,-125.2901135079603,-19.546074062553615
42,2,-1,-125.2264192833023,-19.441318072725977
43,2,-1,-125.21456992302646,-19.38683538938602
44,2,-1,-125.25420778138617,-19.28073535343293
45,2,-1,-125.39247762551516,-19.207659138016894
46,2,-1,-125.49837851593693,-19.193567315549895
47,2,-1,-125.78240539410058,-19.209040858034
48,2,-1,-126.12828882164774,-19.27330045366941
49,2,-1,-126.48266996138734,-19.396468183042515
50,2,-1,-126.79329328819497,-19.60104124889297
51,2,-1,-127.01212870918906,-19.875597464487996
52,2,-1,-127.14360123540581,-20.180402164233897
53,2,-1,-127.20401820309505,-20.462146381111776
54,2,-1,-127.2059604449841,-20.65845218157348
55,2,-1,-127.16122607091475,-20.735086420252827
56,2,-1,-127.08974555399203,-20.70573507536299
57,2,-1,-127.01726231032612,-20.609176654650952
58,2,-1,-126.95749275637753,-20.465243771603202
59,2,-1,-126.89554398280866,-20.274916033562093
60,2,-1,-126.80870407216243,-20.08323456608582
61,2,-1,-126.67735720395287,-19.93024765866535
62,2,-1,-126.50564602683512,-19.82161916307605
63,2,-1,-126.31752900608967,-19.753667198364766
64,2,-1,-126.11394385306959,-19.722534825811138
65,2,-1,-125.87672929939626,-19.72479762489526
66,2,-1,-125.60937216143971,-19.747562605271895
67,2,-1,-125.34563525380054,-19.761014870292914
68,2,-1,-125.12768123359503,-19.758495002337526
69,2,-1,-124.99181277910344,-19.743595663018635
70,2,-1,-124.957463054644,-19.727971568136635
71,2,-1,-125.01865058161573,-19.718658459770083
72,2,-1,-125.15553878725112,-19.715900264555888
73,2,-1,-125.32726498443049,-19.736503306650548
74,2,-1,-125.49646438886505,-19.77140099666404
75,2,-1,-125.64289411317083,-19.8073002616636
76,2,-1,-125.77201404163884,-19.85771504108105
77,2,-1,-125.89157360896468,-19.929220438743528
78,2,-1,-125.99919519547012,-20.01282751769139
79,2,-1,-126.09863950386753,-20.108829898547427
80,2,-1,-126.20031283091492,-20.19729267739355
81,2,-1,-126.2608502899424,-20.232224190558043
82,2,-1,-126.42608641260829,-20.291273438607107
83,2,-1,-126.67226062815904,-20.340658379032348
84,2,-1,-126.8296234623481,-20.3551511903339
85,2,-1,-127.2026999870431,-20.341001815504523
86,2,-1,-127.405659051826,-20.30677209520715
87,2,-1,-127.80564364262007,-20.188710403085995
88,2,-1,-128.15593879923892,-20.03483225460316
89,2,-1,-128.30366677051234,-19.96271260850854
90,2,-1,-128.52992627321296,-19.84621665361712
91,2,-1,-128.60031708522493,-19.801914454077572
92,2,-1,-128.62707522180705,-19.738201396764065
93,2,-1,-128.48739629079296,-19.695910391417595
94,2,-1,-128.36387765033427,-19.676607700559046
95,2,-1,-128.03855074523938,-19.633403098175034
96,2,-1,-127.66119238644933,-19.57682264332142
97,2,-1,-127.28737397245554,-19.517244341885945
98,2,-1,-126.95186892141122,-19.485400021899522
99,2,-1,-126.66621314621388,-19.497417818070844
100,2,-1,-126.43400266577677,-19.550290916066682
101,2,-1,-126.263400068215,-19.65065978249696
102,2,-1,-126.15519753152957,-19.784865557833584
103,2,-1,-126.08891516131078,-19.919091679904483
104,2,-1,-126.0411485403049,-20.029475673468582
105,2,-1,-126.00903283666581,-20.119096104504592
106,2,-1,-125.99718860967923,-20.21377541592999
107,2,-1,-125.99825223795634,-20.324035775204308
108,2,-1,-125.98893120101083,-20.43341365367141
109,2,-1,-125.95019985951431,-20.506527431258082
110,2,-1,-125.90401607391134,-20.528845197569762
111,2,-1,-125.88752772681926,-20.532844520744586
112,2,-1,-125.82530761295997,-20.52472005068167
113,2,-1,-125.79851423693904,-20.510000122184863
114,2,-1,-125.789578783185,-20.50131327250838
115,2,-1,-125.78691053483445,-20.483814709253437
116,2,-1,-125.8140025805214,-20.418430817157187
117,2,-1,-125.88696913628429,-20.325718920768438
118,2,-1,-125.99847682824776,-20.247418788873887
119,2,-1,-126.10861937334339,-20.193501703246127
120,2,-1,-126.17471092988187,-20.15928685892038
121,2,-1,-126.15737250734466,-20.155094628037943
122,2,-1,-126.0407724025221,-20.193197790284316
123,2,-1,-125.8570888765863,-20.267694063321926
124,2,-1,-125.65060025592418,-20.37941101787379
125,2,-1,-125.44263475667795,-20.497655941374077
126,2,-1,-125.25796604562466,-20.573108615072613
127,2,-1,-125.1298249934679,-20.58363226282205
128,2,-1,-125.09498071305244,-20.54706646006568
129,2,-1,-125.15560701552066,-20.497676613947743
130,2,-1,-125.28333419834838,-20.448286507913295
131,2,-1,-125.44744459307748,-20.379016079089055
132,2,-1,-125.62452226312988,-20.27568725665033
133,2,-1,-125.79005294641937,-20.14108022317589
134,2,-1,-125.92307838495317,-19.988295428434057
135,2,-1,-126.00687997278374,-19.824862098710966
136,2,-1,-126.03196978346368,-19.656994764798256
137,2,-1,-126.00101681825534,-19.517942833864865
138,2,-1,-125.92129533388024,-19.451665020158174
139,2,-1,-125.81009191742194,-19.46365704268862
140,2,-1,-125.69466357811258,-19.533122228573642
141,2,-1,-125.60450585642134,-19.64802881636139
142,2,-1,-125.56502219762561,-19.778344460017422
143,2,-1,-125.58719324802607,-19.894664088596514
144,2,-1,-125.68501983420589,-19.989185352348127
145,2,-1,-125.88384598799703,-20.060225621452364
146,2,-1,-126.025341518325,-20.085217997172933
147,2,-1,-126.05889182012982,-20.088643450839918
148,2,-1,-126.12599242373948,-20.09549435817389
149,2,-1,-126.19309302734915,-20.102345265507864
150,2,-1,-126.22471036852481,-20.104188712057436
151,2,-1,-126.28794505087617,-20.10787560515658
152,2,-1,-126.35117973322753,-20.111562498255722
153,2,-1,-126.38279707440321,-20.113405944805294
154,2,-1,-126.79914735520788,-20.11969611207634
155,2,-1,-127.20464727367056,-20.11032437415986
156,2,-1,-127.52293641665253,-20.12901869987267
157,2,-1,-127.68593918786874,-20.229698124226175
158,2,-1,-127.6766593779943,-20.405119432595868
159,2,-1,-127.5121660639769,-20.55826172954592
160,2,-1,-127.23072190946209,-20.62210496762478
161,2,-1,-126.88956021819907,-20.57577493820338
162,2,-1,-126.72037475708474,-20.517299533835825
163,2,-1,-126.41555713690887,-20.370577400822583
164,2,-1,-126.15814646879818,-20.240490179214333
165,2,-1,-126.04237666107053,-20.188373648187905
166,2,-1,-125.82669219864178,-20.093453635989338
167,2,-1,-125.7281043766046,-20.039598334989478
168,2,-1,-125.55231559079678,-19.903266061524178
169,2,-1,-125.41076059765761,-19.7172118963869
170,2,-1,-125.3587966600764,-19.60420700783746
171,2,-1,-125.30158923233132,-19.351893205963034
172,2,-1,-125.2967112620802,-19.22404843533593
173,2,-1,-125.33177815370735,-19.003516744495514
174,2,-1,-125.40820272581331,-18.86725612709475
175,2,-1,-125.44998675434698,-18.83830610076447
176,2,-1,-125.49405077014634,-18.839975888491832
177,2,-1,-125.50580436483946,-18.84803075716902
178,2,-1,-125.51755795953261,-18.856085625846205
179,2,-1,-125.53252123463689,-18.896672256642574
195,4,-1,74.35055563811693,9.159419382977902
196,4,-1,75.225034505612,9.134594556985945
197,4,-1,76.49463947158418,9.07239566211125
198,4,-1,78.11137785123479,8.968487890489714
199,4,-1,80.0102637539472,8.817571837301017
200,4,-1,82.1223790578669,8.63538336144488
201,4,-1,83.24478011551994,8.551787492723506
202,4,-1,85.59215953496906,8.44429559428778
203,4,-1,87.20984712421476,8.42499808613754
204,4,-1,88.02573091609669,8.424211352217952
205,4,-1,89.25680069336116,8.433534709229477
206,4,-1,91.7228605962936,8.448888535129313
207,4,-1,94.18288223734149,8.407826998119035
208,4,-1,96.64218530645277,8.279734069960256
209,4,-1,99.12269045697055,8.091622696871951
210,4,-1,101.64066047352055,7.921301055707771
211,4,-1,103.16735455275516,7.865637806491562
212,4,-1,103.67801716066235,7.858092252220743
213,4,-1,104.18867976856951,7.850546697949925
214,4,-1,105.46869265897705,7.871437231505538
215,4,-1,108.03821540263829,8.040191799760365
216,4,-1,110.61717776351304,8.376593423745547
217,4,-1,113.17869530451385,8.829255809180353
218,4,-1,114.4491835640802,9.067409153476973
219,4,-1,117.00496052795337,9.48545707468088
220,4,-1,119.6338847814367,9.76351459275601
221,4,-1,122.381927697935,9.903940758537487
222,4,-1,125.24715282090614,9.932171813519945
223,4,-1,128.17533116647,9.84825238403013
224,4,-1,131.11776077193224,9.708045314316664
225,4,-1,134.04802150547806,9.574819932753115
226,4,-1,136.90244270877938,9.494764875735243
227,4,-1,139.6135700594608,9.493669790197629
228,4,-1,142.17500637208974,9.56032508987245
229,4,-1,144.62536314115178,9.653155385811516
230,4,-1,146.41658798752377,9.715108418076603
231,4,-1,147.01005829182944,9.733481867379794
232,4,-1,149.37610132493728,9.762402369823562
233,4,-1,150.56761863772172,9.738734691244488
234,4,-1,152.9967770839007,9.597048407964024
235,4,-1,155.51516090758523,9.35576488510286
236,4,-1,158.09985446121897,9.07716150868879
237,4,-1,160.67157483029033,8.82369283247742
238,4,-1,161.93025756407127,8.720553206864851
239,4,-1,164.36741597564233,8.579471245083752
240,4,-1,166.68946584094064,8.538506332393695
241,4,-1,167.80636858314517,8.556197672762236
242,4,-1,168.8913851232666,8.600916797379497
243,4,-1,170.96154677363333,8.756689920939664
244,4,-1,172.91175353351306,8.90507335670084
245,4,-1,174.80393120826517,8.952384121922563
246,4,-1,176.72536431616976,8.872151056157094
247,4,-1,178.7294862746291,8.724834139013367
248,4,-1,179.76409732676294,8.651922654144585
249,4,-1,-179.18154618445794,8.582416373368602
250,4,-1,-177.01619736615766,8.457966966268742
251,4,-1,-174.7831331760297,8.36066733334151
252,4,-1,-172.4981445702876,8.291488945074022
253,4,-1,-170.19505573581554,8.258284332222473
254,4,-1,-167.90323795006577,8.265655127759388
255,4,-1,-165.6274852257355,8.2976741250218
256,4,-1,-163.35990633248935,8.338314990733593
256,5,-1,44.735592658519465,14.763747179900491
257,5,-1,44.79016779687101,14.677238500681852
258,5,-1,44.87969786038856,14.535349058588109
259,5,-1,44.996261538011495,14.41600375316271
260,5,-1,45.10830821812865,14.371423186847252
261,5,-1,45.19126125087386,14.417788381670817
262,5,-1,45.202987771805475,14.437655572336583
263,5,-1,45.21471429273709,14.457522763002348
264,5,-1,45.2205775532029,14.46745635833523
265,5,-1,45.25365921918613,14.607473074659422
266,5,-1,45.25237071155604,14.785447375630124
267,5,-1,45.2163493238564,14.981839142030495
268,5,-1,45.14523234963099,15.177108254643711
269,5,-1,45.038657082423555,15.351714594252954
270,5,-1,44.89692440373644,15.484976632807488
271,5,-1,44.735003891209665,15.54676449285361
272,5,-1,44.57794733037047,15.563557486077798
273,5,-1,44.49314177163012,15.570221665228807
274,5,-1,44.47207417548086,15.571882930337333
275,5,-1,44.451006579331604,15.57354419544586
276,5,-1,44.42993898318235,15.575205460554386
277,5,-1,44.35620239665996,15.581019888434227
278,5,-1,44.282465810137566,15.586834316314068
279,5,-1,44.13499263709277,15.59846317207375
278,4,-1,-92.38345854249854,5.51853276578629
279,4,-1,-92.53586887239051,5.793529553834105
280,4,-1,-92.73757744845969,6.2983964768197325
281,4,-1,-92.84634047972638,6.617787378669064
282,4,-1,-93.07950228668409,7.346784274186974
283,4,-1,-93.20272293715585,7.7402602814997294
284,4,-1,-93.4558130716345,8.545807752932403
265,4,-1,-141.86533874203334,6.08466268736541
266,4,-1,-141.2645761574203,5.99131718803092
267,4,-1,-140.35948479095558,5.879890753352541
268,4,-1,-139.1473950472556,5.809771785094655
269,4,-1,-137.63401866682452,5.8043416109022985
270,4,-1,-135.82732162408317,5.86298065021991
271,4,-1,-133.74163019928812,5.986149856566699
272,4,-1,-131.3923317414521,6.174991623354984
273,4,-1,-129.9338063042642,6.313861233304772
274,4,-1,-129.5541420693721,6.352790270202216
275,4,-1,-129.17447783448,6.391719307099661
276,4,-1,-128.7948135995879,6.430648343997106
277,4,-1,-127.40778069371164,6.5838893099547136
278,4,-1,-125.96594665205143,6.752559222451865
279,4,-1,-122.95672295209498,7.100990105246538
280,4,-1,-119.85225572786683,7.397033481476896
281,4,-1,-118.29088513079616,7.501258880661979
282,4,-1,-115.19338563861476,7.594612551101465
283,4,-1,-113.67262341524133,7.576584187764013
284,4,-1,-110.7158047159605,7.403318712160966
285,4,-1,-107.89946937638203,7.050222388508261
286,4,-1,-105.22971485692449,6.56588639799142
287,4,-1,-102.6877728303855,6.017245508486169
288,4,-1,-100.22929223840916,5.4649034448929825
289,4,-1,-97.80001938797986,4.938133727442235
290,4,-1,-95.3586974592625,4.447767197400694
291,4,-1,-92.85780604837444,3.9776614036279057
292,4,-1,-90.91842566417667,3.6554790328029085
293,4,-1,-90.2639503798671,3.5548423618733693
294,4,-1,-88.9355585900267,3.3744792037973923
295,4,-1,-86.22989146983167,3.0694568896364274
296,4,-1,-83.46820326632468,2.8399316795379974
297,4,-1,-82.76846682207041,2.7990086945273087
298,4,-1,-82.06873037781617,2.758085709516621
299,4,-1,-81.36554118996906,2.7244724072427506
300,4,-1,-80.66235200212196,2.69085910496888
301,4,-1,-77.84506428985313,2.5663960873000917
302,4,-1,-76.4363922138942,2.5037926030497744
303,5,-1,42.72303424507415,12.469928986577173
304,5,-1,42.759103600617216,12.649131258868833
305,5,-1,42.786031669278216,12.982682879797977
306,5,-1,42.796443166283424,13.466429150416873
307,5,-1,42.79295392426591,13.99068983432555
308,5,-1,42.78184227386886,14.437934017066736
309,5,-1,42.757676972250906,14.782198722160572
310,5,-1,42.71084637328175,15.055631120606535
314,4,-1,-49.016075458219845,6.67656875566729
315,4,-1,-48.08038594741771,6.823412584551477
316,4,-1,-46.72931146288927,7.006519189579578
317,4,-1,-45.01782571882681,7.134704563982524
318,4,-1,-43.01141339569198,7.167373997359775
319,4,-1,-40.78446715570941,7.085768924177131
320,4,-1,-39.61633054750585,6.999109163023832
321,4,-1,-37.218017677516,6.744202227772504
322,4,-1,-36.00313101788203,6.588611769453706
323,4,-1,-33.575006415865204,6.275355358035383
324,4,-1,-32.37244452221687,6.1452296745657975
325,4,-1,-30.011235553551206,6.0143254671050945
326,4,-1,-27.70538565583043,6.122579906824484
327,4,-1,-26.568555712109948,6.269552039088978
328,4,-1,-24.32779681634788,6.6840137569535045
329,4,-1,-23.22526857351258,6.924212569152019
330,4,-1,-21.05770042688675,7.399305800845058
331,4,-1,-18.930653299002934,7.788836905824638
332,4,-1,-17.874931634311444,7.934226331630313
333,4,-1,-15.76470488989163,8.113534746795523
334,4,-1,-14.708788335337934,8.152308516217346
332,4,-1,-8.274894134618078,2.495081779830315
333,4,-1,-8.082816771700472,2.334251267111
334,4,-1,-7.961538721653953,2.213234489244499
335,4,-1,-7.69703413746928,1.886219318219446
336,4,-1,-7.441885955173642,1.4408166584891262
337,4,-1,-7.332026954756077,1.1726020875625665
338,4,-1,-7.17149175086543,0.5653510345826332
339,4,-1,-7.12956658123398,0.2405048809990688
340,4,-1,-7.139818436041637,-0.42507058062869874
341,4,-1,-7.287177243374632,-1.1087401135991397
342,4,-1,-7.410472466309855,-1.457307483122392
343,4,-1,-7.73327188620763,-2.163760954335956
344,4,-1,-7.774867245976129,-2.243994720216959
345,4,-1,-7.816462605744628,-2.324228486097962
346,4,-1,-7.858057965513127,-2.404462251978965
347,4,-1,-7.899653325281625,-2.484696017859968
348,4,-1,-7.920451005165876,-2.5248129008004696
349,4,-1,-7.9695146885876715,-2.6166097923460363
350,4,-1,-8.018578372009467,-2.708406683891603
351,4,-1,-8.067642055431262,-2.8002035754371697
352,4,-1,-8.116705738853058,-2.8920004669827364
353,4,-1,-8.217685135680814,-3.078788139964608
354,4,-1,-8.318664532508567,-3.26557581294648
355,1,-1,-104.43548313313232,-11.7522174210538
356,1,-1,-105.37982094609372,-11.949895547431765
357,1,-1,-106.01591628266063,-12.103495892233852
358,1,-1,-107.58288755859844,-12.522313600558704
359,1,-1,-108.49645790679413,-12.780261583929075
360,1,-1,-110.52539324558546,-13.378643071968613
361,1,-1,-112.72407781268315,-14.071562794040688
362,1,-1,-113.84250190961023,-14.433042921162752
363,1,-1,-116.00804502533359,-15.105174058312471
364,1,-1,-117.01234060231025,-15.375873632432896
365,1,-1,-118.80838506704144,-15.712611780002092
366,1,-1,-120.32768450048587,-15.756665267425916
367,1,-1,-121.00029147652207,-15.680073535494742
368,1,-1,-122.21043419647728,-15.35703346108231
369,1,-1,-122.77389255218579,-15.129035282470012
370,1,-1,-123.9024371014495,-14.615963774318999
371,1,-1,-125.11508025993335,-14.132455879401745
372,1,-1,-125.76812366666847,-13.92719247984003
373,1,-1,-127.16904913827476,-13.611872555200733
374,1,-1,-127.91351628659744,-13.497245608492333
375,1,-1,-129.47891810898085,-13.334746511478414
376,1,-1,-131.12037689598557,-13.246199260807401
377,1,-1,-131.96432385793034,-13.221435841464782
378,1,-1,-133.7034335507285,-13.183595289349967
379,1,-1,-134.60715276009674,-13.155065060526468
380,1,-1,-136.5144606875904,-13.03950305954065
381,1,-1,-138.57247240104235,-12.834302328763554
382,1,-1,-139.65151946526163,-12.708276210097893
383,1,-1,-141.87199293494535,-12.443092024566653
384,1,-1,-144.1196818650683,-12.19022728365789
385,1,-1,-146.33631114880313,-11.956981284715312
386,1,-1,-148.48537190572603,-11.772433488912412
387,1,-1,-150.5508478355515,-11.657219392666008
382,1,-1,-134.88232582412758,-16.097093901346113
383,1,-1,-134.87700147749115,-16.167987757665045
384,1,-1,-134.83727898076637,-16.28118914637095
385,1,-1,-134.75671671816892,-16.412188328244778
386,1,-1,-134.66683301934776,-16.541728591928504
387,1,-1,-134.60559864220915,-16.65459540472205
388,1,-1,-134.61079525480883,-16.735740032500814
389,1,-1,-134.7135361814656,-16.777608800825348
390,1,-1,-134.92852934419508,-16.78821168372039
391,1,-1,-135.28956430948676,-16.774440319171603
392,1,-1,-135.83511577606635,-16.748023689171532
393,1,-1,-136.58004879580588,-16.73828317546173
394,1,-1,-137.48132573715927,-16.766699752928545
395,1,-1,-138.47501169895315,-16.819733184120167
396,1,-1,-139.5104395302906,-16.876028184133062
397,1,-1,-140.57103157950516,-16.908950813258627
398,1,-1,-141.62783244999216,-16.893338148252184
399,1,-1,-142.6735383107978,-16.817041729831786
400,1,-1,-143.69603051190305,-16.711677449470315
401,1,-1,-144.71193114263946,-16.603061724785633
395,1,-1,-171.31568134439786,-16.29619790854565
396,1,-1,-171.99733238425492,-16.224785991346096
397,1,-1,-173.158304285843,-16.056819150046508
398,1,-1,-174.81464210845508,-15.79266106401866
399,1,-1,-176.94949817663857,-15.440851404890484
400,1,-1,-179.51836450814497,-15.012399973622097
401,1,-1,177.52548463932152,-14.519359897799305
402,1,-1,174.26619460212,-13.993470782587949
403,1,-1,170.8531678405113,-13.473321305227387
404,1,-1,167.4582432477479,-13.003254140384032
405,1,-1,164.24737334222263,-12.615178740648702
406,1,-1,161.30239370953987,-12.294725948069953
407,1,-1,158.63384482230643,-12.028516112649173
408,1,-1,156.20396849743358,-11.816683779549805
409,1,-1,153.9490930123031,-11.637319490881652
410,1,-1,151.7958343759986,-11.457074302371126
411,1,-1,149.68966621713227,-11.26982038265767
412,1,-1,147.62940433580226,-11.105411542298528
413,1,-1,145.614368715275,-10.982016571718376
414,1,-1,-134.53079791844505,-18.304142954495944
415,1,-1,-134.97252752534615,-18.17027187481132
416,1,-1,-135.70672626726616,-17.918849906867692
417,1,-1,-136.69659948467685,-17.587674203813833
418,1,-1,-137.91213287644294,-17.189713937394682
419,1,-1,-139.3141536897931,-16.73027212491131
420,1,-1,-140.84814181614922,-16.224579770832047
434,1,-1,-133.3497348017314,-17.787317607022548
435,1,-1,-133.3727705937108,-17.753784239998893
436,1,-1,-133.40872302180514,-17.70439971080681
437,1,-1,-133.44267529812876,-17.649727271425277
438,1,-1,-133.47460732176276,-17.56403879355852
439,1,-1,-133.52232535157086,-17.418661725908166
440,1,-1,-133.60631559550066,-17.18445172421727
441,1,-1,-133.7377071029321,-16.837266975677366
442,1,-1,-133.89495266851975,-16.390739502588108
443,1,-1,-134.08080732301875,-15.870817536951126
444,1,-1,-134.3187120285894,-15.31866095233198
445,1,-1,-134.62725598322567,-14.766787607357344
446,1,-1,-134.99062603860162,-14.196675624347137
422,1,-1,127.51703203601471,-10.901817906544366
423,1,-1,126.57334385022493,-11.030149921773301
424,1,-1,125.10819586546542,-11.245569531624653
425,1,-1,123.27867212831624,-11.49282605331176
426,1,-1,121.23111131521192,-11.742333592661922
427,1,-1,119.09246091093807,-11.98940215531408
428,1,-1,116.940558558027,-12.230261588283454
429,1,-1,114.81266452972446,-12.45576880646361
430,1,-1,112.71812576159296,-12.663450694959081
431,1,-1,110.65650076745062,-12.869100937669359
432,1,-1,108.62689482529262,-13.087468557510277
433,1,-1,106.6382398246307,-13.325439694279465
434,1,-1,104.68931607909649,-13.586417974216474
435,1,-1,102.78373701258697,-13.863929977601941
436,1,-1,100.92716531176049,-14.148056796778292
437,1,-1,99.12526366327536,-14.428879524087932
438,1,-1,97.37740035365792,-14.691113784389403
439,1,-1,95.65776765560682,-14.918066043065348
440,1,-1,93.93340282132536,-15.100237837052106
441,1,-1,92.17043708649963,-15.217988380077273
442,1,-1,90.33496220080536,-15.25118891143863
443,1,-1,88.39373484708948,-15.180029392231884
444,1,-1,86.32892929607154,-14.992527337154542
445,1,-1,84.14086815490133,-14.695460763978259
446,1,-1,81.83339383739187,-14.30735631399375
447,1,-1,79.41047288229065,-13.847237580740455
448,1,-1,76.89217928591752,-13.34207278497341
449,1,-1,74.34855575271537,-12.843728945842699
450,1,-1,71.83345997163988,-12.384263896999473
451,1,-1,69.3695363988404,-11.957971415400236
452,1,-1,66.96188347295015,-11.578566373948092
453,1,-1,64.60360247660404,-11.299989672261447
454,1,-1,62.29419036693153,-11.149149832466733
455,1,-1,60.00618803474068,-11.10129772165763
456,1,-1,57.69454257215411,-11.122411732954362
457,1,-1,55.31853872509957,-11.18302055030024
458,1,-1,52.84554704693352,-11.276140010956738
459,1,-1,50.244594186998164,-11.398851882899649
460,1,-1,47.4844601321622,-11.555980964855635
461,1,-1,44.54295572226052,-11.786877117239356
462,1,-1,41.41618996211511,-12.119826658789776
463,1,-1,38.118566528792684,-12.556005752796793
464,1,-1,34.67261722342455,-13.082160500321706
465,1,-1,31.101161410940804,-13.684448493130999
466,1,-1,27.427018456271572,-14.349027322991164
467,1,-1,23.673007724346967,-15.062054581668647
468,1,-1,19.861948580097092,-15.809687860929941
469,1,-1,16.01666038845206,-16.578084752541542
468,0,-1,-31.16979266662043,-19.42100340620432
469,0,-1,-31.136653759046673,-19.393011797265345
470,0,-1,-31.09181876644672,-19.349752037996026
471,0,-1,-31.045034426342525,-19.30394758700497
472,0,-1,-30.998250086238382,-19.258143136013913
473,0,-1,-30.951465746134186,-19.212338685022857
474,0,-1,-30.90468140603004,-19.1665342340318
457,1,-1,-132.67075382968227,-16.65016214104152
458,1,-1,-132.12902276689277,-16.637404176681684
459,1,-1,-131.29066397338664,-16.63537820478949
460,1,-1,-130.13642417044093,-16.664164415006084
461,1,-1,-128.64920806343747,-16.731794072894388
462,1,-1,-126.81201046571596,-16.84574234571376
463,1,-1,-124.60714786578524,-17.00957934388195
464,1,-1,-122.01314007838127,-17.207204907173846
465,1,-1,-119.0327938260727,-17.416785472061093
466,1,-1,-115.71755429820318,-17.626782787437364
467,1,-1,-112.1099737181081,-17.82031212895768
468,1,-1,-108.29170314956777,-17.991821856326226
469,1,-1,-104.33903903864478,-18.147789355340024
470,1,-1,-100.29932837920661,-18.291884285896458
471,1,-1,-96.21888184019063,-18.427550653527305
472,1,-1,-92.14405035274575,-18.55757637367655
473,1,-1,-88.11113412795693,-18.675294382547303
474,1,-1,-84.11345240407915,-18.78148791543838
475,1,-1,-80.13338793065695,-18.881919210339618
473,0,-1,-5.498684015409204,-14.940524091878158
474,0,-1,-5.513209147810356,-14.97402499279018
475,0,-1,-5.52070553242712,-15.018761689478637
476,0,-1,-5.517441439396323,-15.068768698265941
477,0,-1,-5.507516756702774,-15.12183982586751
473,5,-1,16.700715191875656,-14.601719832761022
474,5,-1,16.25699470455077,-14.710716614680223
475,5,-1,15.529252786793956,-14.894082655238492
476,5,-1,14.558526164655458,-15.088020465379898
477,5,-1,13.38100342849479,-15.234185708093094
478,5,-1,12.052962225151818,-15.293753268995417
479,5,-1,10.660725477239538,-15.25031516692876
480,5,-1,9.282865587726713,-15.12630428999775
481,5,-1,7.985830802843012,-14.969989042911049
482,5,-1,6.829526049095414,-14.834732083381228
483,5,-1,5.8687135379991435,-14.787961791030751
484,5,-1,5.166013257095623,-14.864526198302997
485,5,-1,4.775056494661741,-15.061239894806192
486,5,-1,4.736942952718435,-15.35781247198537
487,5,-1,5.068615071847238,-15.715555085032877
488,5,-1,5.7599730692607105,-16.11895934592111
489,5,-1,6.765294306688473,-16.57970423934414
490,5,-1,8.02239465305964,-17.09601939387491
491,5,-1,9.480358187634573,-17.658479427907437
492,5,-1,11.088206747433812,-18.219486074566404
493,5,-1,12.787424001055932,-18.71273100696665
494,5,-1,14.519477925480608,-19.06447460104282
495,5,-1,16.223573226404024,-19.251451907817597
496,5,-1,17.842980206660638,-19.275714666606067
497,5,-1,19.328551784769495,-19.182644504095393
498,5,-1,20.64227148935697,-19.01502784173907
499,5,-1,21.75240581834242,-18.78282675584117
500,5,-1,22.668848563923824,-18.481590933484142
501,5,-1,23.43635628338059,-18.123583600017625
502,5,-1,24.111414836716847,-17.732346542376547
500,6,-1,-83.53483538520665,-11.003313740413603
501,6,-1,-83.725539150696,-10.575140918886163
502,6,-1,-84.02418148631793,-9.926075241024407
503,6,-1,-84.43881631700653,-9.123766306621164
504,6,-1,-84.95862564385394,-8.24667330879835
505,6,-1,-85.55799189153288,-7.379779596256668
506,6,-1,-86.17363568339641,-6.602773192173345
507,6,-1,-86.7524174220495,-5.926646029458098
508,6,-1,-87.27142259564782,-5.378391401784597
509,6,-1,-87.73838956483257,-5.020032351631073
510,6,-1,-88.17526230603903,-4.912325291674861
511,6,-1,-88.59968058347452,-5.052255439060219
512,6,-1,-89.02660295137028,-5.3644325584396455
513,6,-1,-89.46820609885303,-5.773176305589657
514,6,-1,-89.93210384969373,-6.2288045960245455
515,6,-1,-90.4137747098894,-6.7102846545601835
516,6,-1,-90.65616253987199,-6.95316609495174
516,9,-1,-71.29558376663246,-7.001544542477291
517,9,-1,-71.33410752252017,-7.018849180440128
518,9,-1,-71.39242623727651,-7.045551038067288
519,9,-1,-71.45614962180608,-7.0657720762872325
520,9,-1,-71.49862071862675,-7.050250656003868
521,9,-1,-71.49727717821159,-6.998245026408696
522,9,-1,-71.45252176027522,-6.950199104923157
523,9,-1,-71.37039670761365,-6.953779836733972
524,9,-1,-71.27460583353617,-7.019277169811758
525,9,-1,-71.18339305818849,-7.132075061157792
526,9,-1,-71.10667799238631,-7.27157177676098
527,9,-1,-71.04224808277009,-7.389495818925754
528,9,-1,-70.9865228579479,-7.4563577547259285
529,9,-1,-70.95302362242548,-7.469714233155897
530,9,-1,-70.95236478398347,-7.4383914992772
531,9,-1,-70.9817046193811,-7.375665679394771
532,9,-1,-71.0261032908442,-7.275013467417395
533,9,-1,-71.0737684011599,-7.138125708553658
534,9,-1,-71.10094901046976,-7.051162747766788
535,9,-1,-71.10868277834815,-7.026188059916741
536,9,-1,-71.11641654622653,-7.001213372066694
537,9,-1,-71.12028343016573,-6.98872602814167
538,9,-1,-154.5850343452381,-3.2868640281473347
539,9,-1,-154.5743590757164,-3.3180715151313223
540,9,-1,-154.5551966895679,-3.3603424792161576
541,9,-1,-154.5220148869756,-3.414978500000032
542,9,-1,-154.46978434005905,-3.4838949847463
543,9,-1,-154.36290383536198,-3.6118208089293518
544,9,-1,-154.32355873257745,-3.658159865161039
545,9,-1,-154.19152616893143,-3.820755728054565
546,9,-1,-154.14609005609535,-3.878361183650697
547,9,-1,-153.9602127660009,-4.128905869612808
548,9,-1,-153.8671396624799,-4.2574531190156515
549,9,-1,-153.86309300580507,-4.263042129859253
550,9,-1,-153.85499969245544,-4.274220151546456
551,9,-1,-153.84690637910575,-4.28539817323366
552,9,-1,-153.8388130657561,-4.296576194920863
553,9,-1,-153.83071975240648,-4.307754216608068
554,9,-1,-153.82262643905682,-4.318932238295272
555,9,-1,-153.81453312570716,-4.330110259982475
556,9,-1,-153.8064398123575,-4.341288281669678
557,9,-1,-153.79834649900786,-4.352466303356882
558,9,-1,-153.7902531856582,-4.363644325044086
559,9,-1,-153.78215987230857,-4.374822346731289
560,9,-1,-153.7740665589589,-4.386000368418493
561,3,-1,-62.505023719342965,-5.764447314964158
562,3,-1,-60.63446128858063,-5.783749233250077
563,3,-1,-57.877269166833095,-5.780224576544697
564,3,-1,-54.3415202035306,-5.748026922719219
565,3,-1,-50.17710495895972,-5.676403847950013
566,3,-1,-45.54988234454415,-5.521094029841535
567,3,-1,-40.62032124776011,-5.228677044283173
568,3,-1,-38.094760545802586,-5.032111269125551
569,3,-1,-33.01789639607769,-4.56990936722724
570,3,-1,-29.260396014678463,-4.191766469724926
571,3,-1,-28.01991154295388,-4.064947691019995
572,3,-1,-23.192977369917568,-3.5549009484235086
573,3,-1,-20.842820417788637,-3.2966916706259326
574,3,-1,-18.529749206289114,-3.0360655834595316
575,3,-1,-13.999429922671586,-2.5089815875410295
576,3,-1,-11.774464809300202,-2.243232982049321
577,3,-1,-7.385631036298577,-1.7090958141519934
578,3,-1,-3.0525357307738483,-1.1738030479040873
579,3,-1,1.2554393613478847,-0.6400036118583046
574,11,-1,131.79023146213564,-2.6789173969721674
575,11,-1,131.74892455033125,-2.476098342208886
576,11,-1,131.72209091513804,-2.3504015217088465
577,11,-1,131.6568039807982,-2.080296774347701
578,11,-1,131.58458437359707,-1.824033265760562
579,11,-1,131.5574719583511,-1.6336474778294416
580,11,-1,131.65435475435768,-1.5563185289961297
581,11,-1,131.94293587071823,-1.6324630193861225
582,11,-1,132.44536583949514,-1.875824385478367
583,11,-1,133.14742094282482,-2.281834994766143
584,11,-1,134.0107772972552,-2.8172870121361058
585,11,-1,134.9692662529648,-3.4352969675220355
584,3,-1,-37.105052936739824,-4.387702488812181
585,3,-1,-38.45840900814812,-4.557952154636595
586,3,-1,-40.35141507394129,-4.833480795969734
587,3,-1,-42.65548957932978,-5.198466634757054
588,3,-1,-43.495436604889804,-5.337332016653746
589,3,-1,-43.91541011766982,-5.406764707602093
590,3,-1,-46.54769651378808,-5.856431844290767
