18,10,0.0,-160.99999999999997,-10.0
19,10,0.0,-160.0,-10.0
20,10,0.0,-159.0,-10.0
21,10,0.0,-158.0,-10.0
22,10,0.0,-156.99999999999997,-10.0
23,10,0.0,-156.0,-10.0
24,10,0.0,-155.0,-10.0
21,6,0.0,164.99999999999997,-14.0
22,6,0.0,164.99999999999997,-14.0
23,6,0.0,164.99999999999997,-14.0
24,6,0.0,164.99999999999997,-14.0
25,6,0.0,164.99999999999997,-14.0
26,6,0.0,164.99999999999997,-14.0
27,6,0.0,164.99999999999997,-14.0
28,6,0.0,164.99999999999997,-14.0
29,6,0.0,164.99999999999997,-14.0
30,6,0.0,164.99999999999997,-14.0
31,6,0.0,164.99999999999997,-14.0
32,6,0.0,164.99999999999997,-14.0
33,6,0.0,164.99999999999997,-14.0
34,6,0.0,164.99999999999997,-14.0
35,6,0.0,164.99999999999997,-14.0
36,6,0.0,164.99999999999997,-14.0
37,6,0.0,164.99999999999997,-14.0
38,6,0.0,164.99999999999997,-14.0
39,6,0.0,164.99999999999997,-14.0
40,6,0.0,164.99999999999997,-14.0
64,10,0.0,-114.99999999999999,-10.999999999999998
65,10,0.0,-114.0,-10.999999999999998
66,10,0.0,-112.0,-10.0
67,10,0.0,-112.0,-10.0
68,10,0.0,-111.0,-10.0
69,10,0.0,-110.0,-10.0
70,10,0.0,-108.99999999999999,-10.0
71,10,0.0,-108.0,-10.0
72,10,0.0,-107.0,-10.0
73,10,0.0,-106.0,-10.0
74,10,0.0,-105.0,-10.0
75,10,0.0,-104.00000000000001,-10.0
75,10,0.0,-42.0,18.0
76,10,0.0,-42.0,18.0
77,10,0.0,-42.0,18.0
78,10,0.0,-42.0,18.0
79,10,0.0,-42.0,18.0
80,10,0.0,-42.0,18.0
81,10,0.0,-42.0,18.0
82,10,0.0,-42.0,18.0
83,10,0.0,-42.0,18.0
84,10,0.0,-42.0,18.0
85,10,0.0,-42.0,18.0
86,10,0.0,-42.0,18.0
87,10,0.0,-42.0,18.0
88,10,0.0,-42.0,18.0
89,10,0.0,-42.0,18.0
90,10,0.0,-42.0,18.0
91,10,0.0,-42.0,18.0
92,10,0.0,-42.0,18.0
93,10,0.0,-42.0,18.0
94,10,0.0,-42.0,18.0
95,10,0.0,-42.0,18.0
96,10,0.0,-42.0,18.0
97,10,0.0,-42.0,18.0
98,10,0.0,-42.0,18.0
99,10,0.0,-42.0,18.0
100,10,0.0,-42.0,18.0
101,10,0.0,-42.0,18.0
102,10,0.0,-42.0,18.0
103,10,0.0,-42.0,18.0
104,10,0.0,-42.0,18.0
105,10,0.0,-42.0,18.0
106,10,0.0,-42.0,18.0
107,10,0.0,-42.0,18.0
108,10,0.0,-42.0,18.0
109,10,0.0,-42.0,18.0
110,10,0.0,-42.0,18.0
111,10,0.0,-42.0,18.0
112,10,0.0,-42.0,18.0
113,10,0.0,-42.0,18.0
114,10,0.0,-42.0,18.0
115,10,0.0,-42.0,18.0
116,10,0.0,-42.0,18.0
117,10,0.0,-42.0,18.0
118,10,0.0,-42.0,18.0
119,10,0.0,-42.0,18.0
120,10,0.0,-42.0,18.0
121,10,0.0,-42.0,18.0
122,10,0.0,-42.0,18.0
123,10,0.0,-42.0,18.0
124,10,0.0,-42.0,18.0
125,10,0.0,-42.0,18.0
126,10,0.0,-42.0,18.0
127,10,0.0,-42.0,18.0
128,10,0.0,-42.0,18.0
116,10,0.0,177.00000000000003,13.000000000000002
117,10,0.0,177.00000000000003,13.000000000000002
118,10,0.0,177.00000000000003,13.000000000000002
119,10,0.0,177.00000000000003,13.000000000000002
120,10,0.0,177.00000000000003,13.000000000000002
121,10,0.0,177.00000000000003,13.000000000000002
122,10,0.0,177.00000000000003,13.000000000000002
123,10,0.0,177.00000000000003,13.000000000000002
124,10,0.0,177.00000000000003,13.000000000000002
125,10,0.0,177.00000000000003,13.000000000000002
126,10,0.0,177.00000000000003,13.000000000000002
127,10,0.0,177.00000000000003,13.000000000000002
128,10,0.0,177.00000000000003,13.000000000000002
129,10,0.0,177.00000000000003,13.000000000000002
130,10,0.0,177.00000000000003,13.000000000000002
131,10,0.0,177.00000000000003,13.000000000000002
132,10,0.0,177.00000000000003,13.000000000000002
133,10,0.0,177.00000000000003,13.000000000000002
134,10,0.0,177.00000000000003,13.000000000000002
135,10,0.0,177.00000000000003,13.000000000000002
136,10,0.0,177.00000000000003,13.000000000000002
137,10,0.0,177.00000000000003,13.000000000000002
138,10,0.0,177.00000000000003,13.000000000000002
139,10,0.0,177.00000000000003,13.000000000000002
140,10,0.0,177.00000000000003,13.000000000000002
141,10,0.0,177.00000000000003,13.000000000000002
142,10,0.0,177.00000000000003,13.000000000000002
143,10,0.0,177.00000000000003,13.000000000000002
144,10,0.0,177.00000000000003,13.000000000000002
145,10,0.0,177.00000000000003,13.000000000000002
146,10,0.0,177.00000000000003,13.000000000000002
147,10,0.0,177.00000000000003,13.000000000000002
148,10,0.0,177.00000000000003,13.000000000000002
149,10,0.0,177.00000000000003,13.000000000000002
150,10,0.0,177.00000000000003,13.000000000000002
151,10,0.0,177.00000000000003,13.000000000000002
152,10,0.0,177.00000000000003,13.000000000000002
153,10,0.0,177.00000000000003,13.000000000000002
154,10,0.0,177.00000000000003,13.000000000000002
155,10,0.0,177.00000000000003,13.000000000000002
156,10,0.0,177.00000000000003,13.000000000000002
157,10,0.0,177.00000000000003,13.000000000000002
158,10,0.0,177.00000000000003,13.000000000000002
159,10,0.0,177.00000000000003,13.000000000000002
160,10,0.0,177.00000000000003,13.000000000000002
161,10,0.0,177.00000000000003,13.000000000000002
162,10,0.0,177.00000000000003,13.000000000000002
163,10,0.0,177.00000000000003,13.000000000000002
164,10,0.0,177.00000000000003,13.000000000000002
165,10,0.0,177.00000000000003,13.000000000000002
166,10,0.0,177.00000000000003,13.000000000000002
167,10,0.0,177.00000000000003,13.000000000000002
168,10,0.0,177.00000000000003,13.000000000000002
169,10,0.0,177.00000000000003,13.000000000000002
170,10,0.0,177.00000000000003,13.000000000000002
171,10,0.0,177.00000000000003,13.000000000000002
172,10,0.0,177.00000000000003,13.000000000000002
173,10,0.0,177.00000000000003,13.000000000000002
174,10,0.0,177.00000000000003,13.000000000000002
175,10,0.0,177.00000000000003,13.000000000000002
176,10,0.0,177.00000000000003,13.000000000000002
177,10,0.0,177.00000000000003,13.000000000000002
178,10,0.0,177.00000000000003,13.000000000000002
179,10,0.0,177.00000000000003,13.000000000000002
180,10,0.0,177.00000000000003,13.000000000000002
181,10,0.0,177.00000000000003,13.000000000000002
182,10,0.0,177.00000000000003,13.000000000000002
183,10,0.0,177.00000000000003,13.000000000000002
184,10,0.0,177.00000000000003,13.000000000000002
185,10,0.0,177.00000000000003,13.000000000000002
186,10,0.0,177.00000000000003,13.000000000000002
187,10,0.0,177.00000000000003,13.000000000000002
188,10,0.0,177.00000000000003,13.000000000000002
189,10,0.0,177.00000000000003,13.000000000000002
190,10,0.0,177.00000000000003,13.000000000000002
191,10,0.0,177.00000000000003,13.000000000000002
192,10,0.0,177.00000000000003,13.000000000000002
193,10,0.0,177.00000000000003,13.000000000000002
194,10,0.0,177.00000000000003,13.000000000000002
195,10,0.0,177.00000000000003,13.000000000000002
196,10,0.0,177.00000000000003,13.000000000000002
197,10,0.0,177.00000000000003,13.000000000000002
198,10,0.0,177.00000000000003,13.000000000000002
199,10,0.0,177.00000000000003,13.000000000000002
200,10,0.0,177.00000000000003,13.000000000000002
201,10,0.0,177.00000000000003,13.000000000000002
202,10,0.0,177.00000000000003,13.000000000000002
203,10,0.0,177.00000000000003,13.000000000000002
204,10,0.0,177.00000000000003,13.000000000000002
205,10,0.0,177.00000000000003,13.000000000000002
206,10,0.0,177.00000000000003,13.000000000000002
207,10,0.0,177.00000000000003,13.000000000000002
208,10,0.0,177.00000000000003,13.000000000000002
209,10,0.0,177.00000000000003,13.000000000000002
210,10,0.0,177.00000000000003,13.000000000000002
211,10,0.0,177.00000000000003,13.000000000000002
212,10,0.0,177.00000000000003,13.000000000000002
213,10,0.0,177.00000000000003,13.000000000000002
214,10,0.0,177.00000000000003,13.000000000000002
215,10,0.0,177.00000000000003,13.000000000000002
216,10,0.0,177.00000000000003,13.000000000000002
217,10,0.0,177.00000000000003,13.000000000000002
218,10,0.0,177.00000000000003,13.000000000000002
219,10,0.0,177.00000000000003,13.000000000000002
220,10,0.0,177.00000000000003,13.000000000000002
221,10,0.0,177.00000000000003,13.000000000000002
222,10,0.0,177.00000000000003,13.000000000000002
223,10,0.0,177.00000000000003,13.000000000000002
224,10,0.0,177.00000000000003,13.000000000000002
225,10,0.0,177.00000000000003,13.000000000000002
226,10,0.0,177.00000000000003,13.000000000000002
227,10,0.0,177.00000000000003,13.000000000000002
228,10,0.0,177.00000000000003,13.000000000000002
229,10,0.0,177.00000000000003,13.000000000000002
230,10,0.0,177.00000000000003,13.000000000000002
231,10,0.0,177.00000000000003,13.000000000000002
232,10,0.0,177.00000000000003,13.000000000000002
233,10,0.0,177.00000000000003,13.000000000000002
234,10,0.0,177.00000000000003,13.000000000000002
235,10,0.0,177.00000000000003,13.000000000000002
236,10,0.0,177.00000000000003,13.000000000000002
237,10,0.0,177.00000000000003,13.000000000000002
238,10,0.0,177.00000000000003,13.000000000000002
239,10,0.0,177.00000000000003,13.000000000000002
240,10,0.0,177.00000000000003,13.000000000000002
241,10,0.0,177.00000000000003,13.000000000000002
242,10,0.0,177.00000000000003,13.000000000000002
243,10,0.0,177.00000000000003,13.000000000000002
244,10,0.0,177.00000000000003,13.000000000000002
245,10,0.0,177.00000000000003,13.000000000000002
246,10,0.0,177.00000000000003,13.000000000000002
247,10,0.0,177.00000000000003,13.000000000000002
248,10,0.0,177.00000000000003,13.000000000000002
249,10,0.0,177.00000000000003,13.000000000000002
250,10,0.0,177.00000000000003,13.000000000000002
251,10,0.0,177.00000000000003,13.000000000000002
252,10,0.0,177.00000000000003,13.000000000000002
253,10,0.0,177.00000000000003,13.000000000000002
254,10,0.0,177.00000000000003,13.000000000000002
255,10,0.0,177.00000000000003,13.000000000000002
256,10,0.0,177.00000000000003,13.000000000000002
257,10,0.0,177.00000000000003,13.000000000000002
258,10,0.0,177.00000000000003,13.000000000000002
259,10,0.0,177.00000000000003,13.000000000000002
260,10,0.0,177.00000000000003,13.000000000000002
261,10,0.0,177.00000000000003,13.000000000000002
262,10,0.0,177.00000000000003,13.000000000000002
263,10,0.0,177.00000000000003,13.000000000000002
264,10,0.0,177.00000000000003,13.000000000000002
265,10,0.0,177.00000000000003,13.000000000000002
266,10,0.0,177.00000000000003,13.000000000000002
147,4,0.0,43.0,19.0
148,4,0.0,39.0,19.0
149,4,0.0,35.0,19.0
150,4,0.0,31.0,19.0
151,4,0.0,27.0,19.0
152,4,0.0,23.0,19.0
153,4,0.0,19.0,19.0
154,4,0.0,14.999999999999998,19.0
155,4,0.0,10.999999999999998,19.0
156,4,0.0,7.0,19.0
157,4,0.0,3.0,19.0
158,4,0.0,0.0,14.0
159,4,0.0,4.0,14.0
160,4,0.0,8.0,14.0
161,4,0.0,12.0,14.0
162,4,0.0,16.0,14.999999999999998
163,4,0.0,20.0,14.999999999999998
164,4,0.0,24.0,16.0
165,4,0.0,28.0,16.0
166,4,0.0,32.0,14.999999999999998
167,4,0.0,36.0,14.999999999999998
168,4,0.0,39.0,14.999999999999998
169,4,0.0,43.99999999999999,14.999999999999998
170,4,0.0,48.0,14.999999999999998
171,4,0.0,52.00000000000001,14.999999999999998
172,4,0.0,56.0,16.0
173,4,0.0,59.99999999999999,16.0
174,4,0.0,64.0,17.0
175,4,0.0,68.0,18.0
176,4,0.0,72.0,17.0
177,4,0.0,77.00000000000001,16.0
178,4,0.0,80.0,16.0
179,4,0.0,84.0,14.999999999999998
180,4,0.0,87.99999999999999,14.999999999999998
181,4,0.0,92.0,14.999999999999998
182,4,0.0,96.0,14.999999999999998
183,4,0.0,100.0,16.0
184,4,0.0,104.00000000000001,16.0
185,4,0.0,106.0,16.0
186,4,0.0,112.0,16.0
187,4,0.0,116.0,16.0
188,4,0.0,119.99999999999999,16.0
189,4,0.0,124.0,14.999999999999998
190,4,0.0,128.0,14.0
191,4,0.0,132.0,14.0
192,4,0.0,136.0,14.0
193,4,0.0,140.0,14.0
194,4,0.0,144.0,14.0
195,4,0.0,148.0,14.0
196,4,0.0,152.0,14.0
197,4,0.0,156.0,14.0
198,4,0.0,160.0,14.0
199,4,0.0,164.0,14.0
200,4,0.0,168.0,13.000000000000002
201,4,0.0,172.0,14.0
202,4,0.0,175.99999999999997,13.000000000000002
203,4,0.0,-180.0,13.000000000000002
204,4,0.0,-177.00000000000003,14.0
205,4,0.0,-172.0,14.0
206,4,0.0,-168.0,14.0
207,4,0.0,-164.0,14.0
208,4,0.0,-160.0,14.0
209,4,0.0,-156.0,14.0
210,4,0.0,-152.0,14.0
211,4,0.0,-148.0,14.0
212,4,0.0,-144.0,14.0
213,4,0.0,-140.0,14.999999999999998
214,4,0.0,-136.0,14.0
215,4,0.0,-132.0,14.0
216,4,0.0,-128.0,14.0
217,4,0.0,-124.0,14.0
218,4,0.0,-119.99999999999999,14.999999999999998
219,4,0.0,-116.0,14.999999999999998
220,4,0.0,-112.0,14.999999999999998
221,4,0.0,-108.0,16.0
222,4,0.0,-104.00000000000001,14.999999999999998
223,4,0.0,-100.0,14.999999999999998
224,4,0.0,-96.0,14.0
225,4,0.0,-92.0,13.000000000000002
226,4,0.0,-87.99999999999999,13.000000000000002
227,4,0.0,-84.0,14.0
228,4,0.0,-80.0,14.0
229,4,0.0,-76.0,14.999999999999998
230,4,0.0,-72.0,14.999999999999998
231,4,0.0,-68.0,16.0
232,4,0.0,-64.0,16.0
233,4,0.0,-59.99999999999999,14.999999999999998
234,4,0.0,-56.0,14.999999999999998
235,4,0.0,-52.00000000000001,14.999999999999998
236,4,0.0,-48.0,14.0
237,4,0.0,-43.99999999999999,14.999999999999998
238,4,0.0,-40.0,14.999999999999998
239,4,0.0,-36.0,14.999999999999998
240,4,0.0,-32.0,16.0
241,4,0.0,-28.0,14.999999999999998
242,4,0.0,-24.0,14.0
243,4,0.0,-20.0,14.0
244,4,0.0,-16.0,14.0
245,4,0.0,-12.0,14.0
246,4,0.0,-8.0,14.0
247,4,0.0,-4.0,14.0
248,4,0.0,-1.0,10.0
249,4,0.0,-5.0,10.0
250,4,0.0,-9.0,10.0
251,4,0.0,-12.0,10.0
252,4,0.0,-18.0,9.0
253,4,0.0,-21.0,10.0
254,4,0.0,-24.0,10.0
255,4,0.0,-29.0,10.999999999999998
256,4,0.0,-33.0,12.0
257,4,0.0,-37.0,12.0
258,4,0.0,-41.0,10.0
259,4,0.0,-45.0,10.0
260,4,0.0,-49.0,10.0
261,4,0.0,-53.0,10.999999999999998
262,4,0.0,-57.0,10.999999999999998
263,4,0.0,-61.0,10.999999999999998
264,4,0.0,-65.0,10.999999999999998
265,4,0.0,-68.99999999999999,10.999999999999998
266,4,0.0,-73.0,10.999999999999998
267,4,0.0,-77.00000000000001,10.0
268,4,0.0,-81.0,10.0
269,4,0.0,-85.0,9.0
270,4,0.0,-89.0,9.0
271,4,0.0,-92.99999999999999,9.0
272,4,0.0,-97.0,10.0
273,4,0.0,-101.0,10.999999999999998
274,4,0.0,-105.0,10.999999999999998
275,4,0.0,-108.99999999999999,10.0
276,4,0.0,-113.0,10.999999999999998
277,4,0.0,-116.0,10.0
278,4,0.0,-122.0,10.0
279,4,0.0,-124.99999999999999,10.0
280,4,0.0,-129.0,10.0
281,4,0.0,-133.0,10.0
282,4,0.0,-137.0,10.0
283,4,0.0,-141.0,10.0
284,4,0.0,-145.0,10.0
285,4,0.0,-149.0,10.0
286,4,0.0,-153.0,10.0
287,4,0.0,-156.99999999999997,10.0
288,4,0.0,-160.99999999999997,9.0
289,4,0.0,-164.99999999999997,9.0
290,4,0.0,-169.0,9.0
291,4,0.0,-173.0,9.0
292,4,0.0,-177.00000000000003,9.0
293,4,0.0,179.0,9.0
294,4,0.0,174.99999999999997,9.0
295,4,0.0,171.0,9.0
296,4,0.0,167.0,9.0
297,4,0.0,163.0,10.0
292,2,0.0,145.0,5.0
293,2,0.0,145.0,5.0
294,2,0.0,145.0,5.0
295,2,0.0,145.0,5.0
296,2,0.0,145.0,5.0
297,2,0.0,145.0,5.0
298,2,0.0,145.0,5.0
299,2,0.0,145.0,5.0
300,2,0.0,145.0,5.0
301,2,0.0,145.0,5.0
302,2,0.0,145.0,5.0
303,2,0.0,145.0,5.0
304,2,0.0,145.0,5.0
305,2,0.0,145.0,5.0
306,2,0.0,145.0,5.0
307,2,0.0,145.0,5.0
308,2,0.0,145.0,5.0
309,2,0.0,145.0,5.0
310,2,0.0,145.0,5.0
311,2,0.0,145.0,5.0
302,2,0.0,52.00000000000001,7.0
303,2,0.0,52.00000000000001,7.0
304,2,0.0,52.00000000000001,7.0
305,2,0.0,52.00000000000001,7.0
306,2,0.0,52.00000000000001,7.0
307,2,0.0,52.00000000000001,7.0
308,2,0.0,52.00000000000001,7.0
309,2,0.0,52.00000000000001,7.0
310,2,0.0,52.00000000000001,7.0
311,2,0.0,52.00000000000001,7.0
312,2,0.0,52.00000000000001,7.0
313,2,0.0,52.00000000000001,7.0
314,2,0.0,52.00000000000001,7.0
315,2,0.0,52.00000000000001,7.0
316,2,0.0,52.00000000000001,7.0
317,2,0.0,52.00000000000001,7.0
318,2,0.0,52.00000000000001,7.0
319,2,0.0,52.00000000000001,7.0
320,2,0.0,52.00000000000001,7.0
321,2,0.0,52.00000000000001,7.0
322,2,0.0,52.00000000000001,7.0
323,2,0.0,52.00000000000001,7.0
324,2,0.0,52.00000000000001,7.0
325,2,0.0,52.00000000000001,7.0
332,3,0.0,-144.0,-20.0
333,3,0.0,-144.0,-20.0
334,3,0.0,-144.0,-20.0
335,3,0.0,-144.0,-20.0
336,3,0.0,-144.0,-20.0
337,3,0.0,-144.0,-20.0
338,3,0.0,-144.0,-20.0
339,3,0.0,-144.0,-20.0
340,3,0.0,-144.0,-20.0
341,3,0.0,-144.0,-20.0
342,3,0.0,-144.0,-20.0
343,3,0.0,-144.0,-20.0
344,3,0.0,-144.0,-20.0
345,3,0.0,-144.0,-20.0
345,2,0.0,-141.0,-6.0
346,2,0.0,-141.0,-6.0
347,2,0.0,-141.0,-6.0
348,2,0.0,-141.0,-6.0
349,10,0.0,-144.0,-20.0
350,10,0.0,-144.0,-20.0
351,10,0.0,-144.0,-20.0
352,10,0.0,-144.0,-20.0
353,10,0.0,-144.0,-20.0
354,10,0.0,-144.0,-20.0
355,10,0.0,-144.0,-20.0
356,10,0.0,-144.0,-20.0
357,10,0.0,-144.0,-20.0
358,10,0.0,-144.0,-20.0
359,10,0.0,-144.0,-20.0
360,10,0.0,-144.0,-20.0
361,10,0.0,-144.0,-20.0
362,10,0.0,-144.0,-20.0
363,10,0.0,-144.0,-20.0
349,2,0.0,-141.0,-6.0
350,2,0.0,-141.0,-6.0
351,2,0.0,-141.0,-6.0
352,2,0.0,-141.0,-6.0
353,2,0.0,-141.0,-6.0
354,2,0.0,-141.0,-6.0
355,2,0.0,-141.0,-6.0
356,2,0.0,-141.0,-6.0
357,2,0.0,-141.0,-6.0
358,2,0.0,-141.0,-6.0
359,2,0.0,-141.0,-6.0
360,2,0.0,-141.0,-6.0
361,2,0.0,-141.0,-6.0
362,2,0.0,-141.0,-6.0
363,2,0.0,-141.0,-6.0
364,2,0.0,-141.0,-6.0
365,2,0.0,-141.0,-6.0
366,2,0.0,-141.0,-6.0
367,2,0.0,-141.0,-6.0
368,2,0.0,-141.0,-6.0
369,2,0.0,-141.0,-6.0
370,2,0.0,-141.0,-6.0
371,2,0.0,-141.0,-6.0
372,2,0.0,-141.0,-6.0
373,2,0.0,-141.0,-6.0
374,2,0.0,-141.0,-6.0
375,2,0.0,-141.0,-6.0
376,2,0.0,-141.0,-6.0
377,2,0.0,-141.0,-6.0
378,2,0.0,-141.0,-6.0
379,2,0.0,-141.0,-6.0
380,2,0.0,-141.0,-6.0
381,2,0.0,-141.0,-6.0
382,2,0.0,-141.0,-6.0
383,2,0.0,-141.0,-6.0
384,2,0.0,-141.0,-6.0
385,2,0.0,-141.0,-6.0
386,2,0.0,-141.0,-6.0
387,2,0.0,-141.0,-6.0
388,2,0.0,-141.0,-6.0
389,2,0.0,-141.0,-6.0
390,2,0.0,-141.0,-6.0
391,2,0.0,-141.0,-6.0
392,2,0.0,-141.0,-6.0
393,2,0.0,-141.0,-6.0
394,2,0.0,-141.0,-6.0
395,2,0.0,-141.0,-6.0
396,2,0.0,-141.0,-6.0
397,2,0.0,-141.0,-6.0
398,2,0.0,-141.0,-6.0
399,2,0.0,-141.0,-6.0
400,2,0.0,-141.0,-6.0
401,2,0.0,-141.0,-6.0
402,2,0.0,-141.0,-6.0
403,2,0.0,-141.0,-6.0
404,2,0.0,-141.0,-6.0
405,2,0.0,-141.0,-6.0
406,2,0.0,-141.0,-6.0
407,2,0.0,-141.0,-6.0
408,2,0.0,-141.0,-6.0
409,2,0.0,-141.0,-6.0
410,2,0.0,-141.0,-6.0
411,2,0.0,-141.0,-6.0
412,2,0.0,-141.0,-6.0
413,2,0.0,-141.0,-6.0
414,2,0.0,-141.0,-6.0
415,2,0.0,-141.0,-6.0
416,2,0.0,-141.0,-6.0
417,2,0.0,-141.0,-6.0
418,2,0.0,-141.0,-6.0
419,2,0.0,-141.0,-6.0
420,2,0.0,-141.0,-6.0
421,2,0.0,-141.0,-6.0
422,2,0.0,-141.0,-6.0
423,2,0.0,-141.0,-6.0
424,2,0.0,-141.0,-6.0
425,2,0.0,-141.0,-6.0
426,2,0.0,-141.0,-6.0
427,2,0.0,-141.0,-6.0
428,2,0.0,-141.0,-6.0
429,2,0.0,-141.0,-6.0
430,2,0.0,-141.0,-6.0
431,2,0.0,-141.0,-6.0
432,2,0.0,-141.0,-6.0
433,2,0.0,-141.0,-6.0
434,2,0.0,-141.0,-6.0
435,2,0.0,-141.0,-6.0
436,2,0.0,-141.0,-6.0
437,2,0.0,-141.0,-6.0
438,2,0.0,-141.0,-6.0
439,2,0.0,-141.0,-6.0
440,2,0.0,-141.0,-6.0
441,2,0.0,-141.0,-6.0
442,2,0.0,-141.0,-6.0
443,2,0.0,-141.0,-6.0
444,2,0.0,-141.0,-6.0
445,2,0.0,-141.0,-6.0
446,2,0.0,-141.0,-6.0
447,2,0.0,-141.0,-6.0
448,2,0.0,-141.0,-6.0
449,2,0.0,-141.0,-6.0
450,2,0.0,-141.0,-6.0
451,2,0.0,-141.0,-6.0
452,2,0.0,-141.0,-6.0
453,2,0.0,-141.0,-6.0
454,2,0.0,-141.0,-6.0
455,2,0.0,-141.0,-6.0
456,2,0.0,-141.0,-6.0
457,2,0.0,-141.0,-6.0
458,2,0.0,-141.0,-6.0
459,2,0.0,-141.0,-6.0
460,2,0.0,-141.0,-6.0
461,2,0.0,-141.0,-6.0
462,2,0.0,-141.0,-6.0
463,2,0.0,-141.0,-6.0
464,2,0.0,-141.0,-6.0
465,2,0.0,-141.0,-6.0
466,2,0.0,-141.0,-6.0
467,2,0.0,-141.0,-6.0
468,2,0.0,-141.0,-6.0
469,2,0.0,-141.0,-6.0
470,2,0.0,-141.0,-6.0
471,2,0.0,-141.0,-6.0
472,2,0.0,-141.0,-6.0
473,2,0.0,-141.0,-6.0
474,2,0.0,-141.0,-6.0
475,2,0.0,-141.0,-6.0
476,2,0.0,-141.0,-6.0
477,2,0.0,-141.0,-6.0
478,2,0.0,-141.0,-6.0
479,2,0.0,-141.0,-6.0
480,2,0.0,-141.0,-6.0
481,2,0.0,-141.0,-6.0
482,2,0.0,-141.0,-6.0
483,2,0.0,-141.0,-6.0
484,2,0.0,-141.0,-6.0
485,2,0.0,-141.0,-6.0
486,2,0.0,-141.0,-6.0
487,2,0.0,-141.0,-6.0
488,2,0.0,-141.0,-6.0
489,2,0.0,-141.0,-6.0
490,2,0.0,-141.0,-6.0
491,2,0.0,-141.0,-6.0
492,2,0.0,-141.0,-6.0
493,2,0.0,-141.0,-6.0
494,2,0.0,-141.0,-6.0
495,2,0.0,-141.0,-6.0
374,2,1.0,-53.0,-19.0
375,2,1.0,-53.0,-19.0
376,2,1.0,-53.0,-19.0
377,2,1.0,-53.0,-19.0
378,2,1.0,-53.0,-19.0
379,2,1.0,-53.0,-19.0
380,2,1.0,-53.0,-19.0
381,2,1.0,-53.0,-19.0
382,2,1.0,-53.0,-19.0
383,2,1.0,-53.0,-19.0
384,2,1.0,-53.0,-19.0
385,2,1.0,-53.0,-19.0
386,2,1.0,-53.0,-19.0
387,2,1.0,-53.0,-19.0
388,2,1.0,-53.0,-19.0
389,2,1.0,-53.0,-19.0
390,2,1.0,-53.0,-19.0
391,2,1.0,-53.0,-19.0
392,2,1.0,-53.0,-19.0
393,2,1.0,-53.0,-19.0
394,2,1.0,-53.0,-19.0
395,2,1.0,-53.0,-19.0
396,2,1.0,-53.0,-19.0
397,2,1.0,-53.0,-19.0
398,2,1.0,-53.0,-19.0
399,2,1.0,-53.0,-19.0
400,2,1.0,-53.0,-19.0
401,2,1.0,-53.0,-19.0
402,2,1.0,-53.0,-19.0
403,2,1.0,-53.0,-19.0
404,2,1.0,-53.0,-19.0
405,2,1.0,-53.0,-19.0
406,2,1.0,-53.0,-19.0
407,2,1.0,-53.0,-19.0
408,2,1.0,-53.0,-19.0
409,2,1.0,-53.0,-19.0
410,2,1.0,-53.0,-19.0
411,2,1.0,-53.0,-19.0
412,2,1.0,-53.0,-19.0
413,2,1.0,-53.0,-19.0
414,2,1.0,-53.0,-19.0
415,2,1.0,-53.0,-19.0
416,2,1.0,-53.0,-19.0
417,2,1.0,-53.0,-19.0
418,2,1.0,-53.0,-19.0
419,2,1.0,-53.0,-19.0
420,2,1.0,-53.0,-19.0
421,2,1.0,-53.0,-19.0
422,2,1.0,-53.0,-19.0
423,2,1.0,-53.0,-19.0
424,2,1.0,-53.0,-19.0
425,2,1.0,-53.0,-19.0
426,2,1.0,-53.0,-19.0
427,2,1.0,-53.0,-19.0
428,2,1.0,-53.0,-19.0
429,2,1.0,-53.0,-19.0
430,2,1.0,-53.0,-19.0
431,2,1.0,-53.0,-19.0
432,2,1.0,-53.0,-19.0
433,2,1.0,-53.0,-19.0
434,2,1.0,-53.0,-19.0
435,2,1.0,-53.0,-19.0
436,2,1.0,-53.0,-19.0
437,2,1.0,-53.0,-19.0
438,2,1.0,-53.0,-19.0
439,2,1.0,-53.0,-19.0
440,2,1.0,-53.0,-19.0
441,2,1.0,-53.0,-19.0
442,2,1.0,-53.0,-19.0
443,2,1.0,-53.0,-19.0
444,2,1.0,-53.0,-19.0
445,2,1.0,-53.0,-19.0
446,2,1.0,-53.0,-19.0
447,2,1.0,-53.0,-19.0
448,2,1.0,-53.0,-19.0
449,2,1.0,-53.0,-19.0
450,2,1.0,-53.0,-19.0
451,2,1.0,-53.0,-19.0
452,2,1.0,-53.0,-19.0
453,2,1.0,-53.0,-19.0
454,2,1.0,-53.0,-19.0
455,2,1.0,-53.0,-19.0
456,2,1.0,-53.0,-19.0
457,2,1.0,-53.0,-19.0
458,2,1.0,-53.0,-19.0
459,2,1.0,-53.0,-19.0
460,2,1.0,-53.0,-19.0
461,2,1.0,-53.0,-19.0
462,2,1.0,-53.0,-19.0
463,2,1.0,-53.0,-19.0
464,2,1.0,-53.0,-19.0
465,2,1.0,-53.0,-19.0
466,2,1.0,-53.0,-19.0
467,2,1.0,-53.0,-19.0
468,2,1.0,-53.0,-19.0
469,2,1.0,-53.0,-19.0
470,2,1.0,-53.0,-19.0
471,2,1.0,-53.0,-19.0
472,2,1.0,-53.0,-19.0
473,2,1.0,-53.0,-19.0
474,2,1.0,-53.0,-19.0
475,2,1.0,-53.0,-19.0
476,2,1.0,-53.0,-19.0
477,2,1.0,-53.0,-19.0
478,2,1.0,-53.0,-19.0
479,2,1.0,-53.0,-19.0
480,2,1.0,-53.0,-19.0
481,2,1.0,-53.0,-19.0
482,2,1.0,-53.0,-19.0
483,2,1.0,-53.0,-19.0
484,2,1.0,-53.0,-19.0
485,2,1.0,-53.0,-19.0
486,2,1.0,-53.0,-19.0
487,2,1.0,-53.0,-19.0
488,2,1.0,-53.0,-19.0
489,2,1.0,-53.0,-19.0
490,2,1.0,-53.0,-19.0
491,2,1.0,-53.0,-19.0
492,2,1.0,-53.0,-19.0
493,2,1.0,-53.0,-19.0
494,2,1.0,-53.0,-19.0
495,2,1.0,-53.0,-19.0
496,2,1.0,-53.0,-19.0
497,2,1.0,-53.0,-19.0
498,2,1.0,-53.0,-19.0
499,2,1.0,-53.0,-19.0
500,2,1.0,-53.0,-19.0
501,2,1.0,-53.0,-19.0
502,2,1.0,-53.0,-19.0
503,2,1.0,-53.0,-19.0
504,2,1.0,-53.0,-19.0
505,2,1.0,-53.0,-19.0
506,2,1.0,-53.0,-19.0
507,2,1.0,-53.0,-19.0
508,2,1.0,-53.0,-19.0
509,2,1.0,-53.0,-19.0
510,2,1.0,-53.0,-19.0
511,2,1.0,-53.0,-19.0
512,2,1.0,-53.0,-19.0
513,2,1.0,-53.0,-19.0
514,2,1.0,-53.0,-19.0
515,2,1.0,-53.0,-19.0
516,2,1.0,-53.0,-19.0
517,2,1.0,-53.0,-19.0
518,2,1.0,-53.0,-19.0
519,2,1.0,-53.0,-19.0
520,2,1.0,-53.0,-19.0
521,2,1.0,-53.0,-19.0
522,2,1.0,-53.0,-19.0
523,2,1.0,-53.0,-19.0
524,2,1.0,-53.0,-19.0
510,2,1.0,-114.99999999999999,19.0
511,2,1.0,-113.0,19.0
512,2,1.0,-111.0,20.0
513,2,1.0,-108.99999999999999,20.0
514,2,1.0,-107.0,20.0
515,2,1.0,-105.0,20.0
516,2,1.0,-103.0,20.0
517,2,1.0,-101.0,20.0
518,2,1.0,-99.00000000000001,19.0
519,2,1.0,-97.0,19.0
520,2,1.0,-95.0,19.0
521,2,1.0,-92.99999999999999,19.0
522,2,1.0,-91.0,19.0
523,2,1.0,-89.0,18.0
524,2,1.0,-87.0,18.0
525,2,1.0,-85.0,19.0
526,2,1.0,-83.00000000000001,19.0
527,2,1.0,-81.0,19.0
528,2,1.0,-79.0,19.0
529,2,1.0,-77.00000000000001,19.0
530,2,1.0,-75.00000000000001,19.0
531,2,1.0,-73.0,19.0
532,2,1.0,-71.0,19.0
533,2,1.0,-68.99999999999999,20.0
534,2,1.0,-66.99999999999999,19.0
535,2,1.0,-65.0,19.0
536,2,1.0,-63.0,19.0
537,2,1.0,-61.0,19.0
538,2,1.0,-59.0,19.0
539,2,1.0,-57.0,19.0
540,2,1.0,-55.0,19.0
541,2,1.0,-53.0,19.0
542,2,1.0,-51.0,18.0
543,2,1.0,-49.0,19.0
544,2,1.0,-47.0,20.0
545,2,1.0,-45.0,19.0
546,2,1.0,-43.0,19.0
547,2,1.0,-41.0,19.0
548,2,1.0,-39.0,19.0
549,2,1.0,-37.0,19.0
550,2,1.0,-35.0,20.0
551,2,1.0,-33.0,20.0
552,2,1.0,-31.0,20.0
553,2,1.0,-29.0,19.0
554,2,1.0,-27.0,20.0
